1 chr20 5135 chr20 6299 01 58.0 94.0 -1 60
2 chr20 5137 chr20 6358 01 69.0 95.0 -1 60
3 chr20 5143 chr20 6299 01 49.0 95.0 -1 60
4 chr20 5147 chr20 6299 01 90.0 51.0 -1 60
5 chr20 5155 chr20 6358 01 100.0 91.0 -1 60
6 chr20 5159 chr20 6361 01 57.0 85.0 -1 60
7 chr20 5160 chr20 6298 01 89.0 100.0 -1 60
8 chr20 5161 chr20 6299 01 100.0 47.0 -1 58
9 chr20 5173 chr20 6386 01 85.0 95.0 -1 60
10 chr20 5176 chr20 6358 01 90.0 78.0 -1 60
11 chr20 5177 chr20 6303 01 61.0 95.0 -1 60
12 chr20 5177 chr20 6327 01 70.0 85.0 -1 60
13 chr20 5185 chr20 6391 01 85.0 80.0 -1 60
14 chr20 5189 chr20 6336 01 75.0 88.0 -1 60
15 chr20 5195 chr20 6299 01 77.0 70.0 -1 60
16 chr20 5195 chr20 6369 01 95.0 80.0 -1 60
17 chr20 5203 chr20 6299 01 85.0 99.0 -1 60
18 chr20 5221 chr20 6311 01 83.0 85.0 -1 60
19 chr20 5222 chr20 6409 01 90.0 96.0 -1 60
20 chr20 5230 chr20 6345 01 92.0 95.0 -1 60
21 chr20 5235 chr20 6328 01 91.0 85.0 -1 60
22 chr20 5236 chr20 6435 01 95.0 85.0 -1 60
23 chr20 5238 chr20 6433 01 96.0 95.0 -1 60
24 chr20 5246 chr20 6382 01 75.0 100.0 -1 60
25 chr20 5250 chr20 6402 01 85.0 96.0 -1 60
26 chr20 5252 chr20 6299 01 62.0 95.0 -1 60
27 chr20 5255 chr20 6411 01 95.0 95.0 -1 60
28 chr20 5256 chr20 6422 01 85.0 95.0 -1 60
29 chr20 5262 chr20 6437 01 95.0 90.0 -1 60
30 chr20 5270 chr20 6399 01 92.0 80.0 -1 60
31 chr20 5273 chr20 6366 01 95.0 90.0 -1 60
32 chr20 5278 chr20 6374 01 95.0 95.0 -1 60
33 chr20 5282 chr20 6479 01 95.0 89.0 -1 60
34 chr20 5286 chr20 6433 01 80.0 95.0 -1 60
35 chr20 5287 chr20 6440 01 65.0 85.0 -1 60
36 chr20 5288 chr20 6360 01 71.0 85.0 -1 60
37 chr20 5291 chr20 6413 01 95.0 85.0 -1 60
38 chr20 5303 chr20 6402 01 90.0 86.0 -1 60
39 chr20 5315 chr20 6401 01 90.0 95.0 -1 60
40 chr20 5319 chr20 6452 01 90.0 85.0 -1 60
41 chr20 5321 chr20 6491 01 86.0 95.0 -1 60
42 chr20 5326 chr20 6466 01 90.0 95.0 -1 60
43 chr20 5331 chr20 6420 01 95.0 88.0 -1 60
44 chr20 5341 chr20 6446 01 95.0 79.0 -1 60
45 chr20 5340 chr20 6405 01 85.0 78.0 -1 60
46 chr20 5343 chr20 6489 01 100.0 92.0 -1 60
47 chr20 5340 chr20 6433 01 86.0 95.0 -1 60
48 chr20 5340 chr20 6516 01 69.0 87.0 -1 60
49 chr20 5340 chr20 6840 01 71.0 68.0 -1 60
50 chr20 5340 chr20 6444 01 70.0 90.0 -1 60
51 chr20 5338 chr20 6514 01 86.0 82.0 -1 60
52 chr20 5340 chr20 6524 01 64.0 71.0 -1 60
53 chr20 5340 chr20 6513 01 100.0 72.0 -1 60
54 chr20 5340 chr20 6495 01 53.0 95.0 -1 60
55 chr20 5340 chr20 6513 01 82.0 55.0 -1 60
56 chr20 5335 chr20 6486 01 75.0 56.0 -1 60
57 chr20 5340 chr20 6496 01 59.0 100.0 -1 60
58 chr20 5340 chr20 6503 01 82.0 54.0 -1 60
59 chr20 6409 chr20 6840 01 46.0 71.0 -1 60
60 chr20 6411 chr20 6840 01 74.0 51.0 -1 60
61 chr20 6413 chr20 6844 01 50.0 61.0 -1 60
62 chr20 6420 chr20 6840 01 60.0 59.0 -1 60
63 chr20 6428 chr20 6840 01 65.0 41.0 -1 60
64 chr20 6428 chr20 6856 01 70.0 95.0 -1 60
65 chr20 6430 chr20 6859 01 85.0 72.0 -1 60
66 chr20 6441 chr20 6840 01 78.0 67.0 -1 60
67 chr20 6453 chr20 6840 01 80.0 87.0 -1 60
68 chr20 6462 chr20 6845 01 95.0 100.0 -1 60
69 chr20 6468 chr20 6840 01 61.0 85.0 -1 60
70 chr20 6483 chr20 6851 01 90.0 100.0 -1 60
71 chr20 6490 chr20 6874 01 95.0 100.0 -1 60
72 chr20 6490 chr20 6931 01 80.0 70.0 -1 60
73 chr20 6506 chr20 6870 01 95.0 85.0 -1 60
74 chr20 6510 chr20 6900 01 87.0 90.0 -1 60
75 chr20 6513 chr20 6934 01 94.0 98.0 -1 60
76 chr20 6528 chr20 6870 01 90.0 85.0 -1 60
77 chr20 6539 chr20 6923 01 100.0 83.0 -1 60
78 chr20 6547 chr20 6932 01 100.0 85.0 -1 60
79 chr20 6549 chr20 6937 01 85.0 90.0 -1 60
80 chr20 6550 chr20 6940 01 93.0 95.0 -1 60
81 chr20 6554 chr20 6948 01 90.0 90.0 -1 60
82 chr20 6565 chr20 6937 01 90.0 91.0 -1 60
83 chr20 6572 chr20 6957 01 90.0 80.0 -1 60
84 chr20 6574 chr20 6943 01 90.0 90.0 -1 60
85 chr20 6576 chr20 6958 01 80.0 92.0 -1 60
86 chr20 6596 chr20 6966 01 90.0 90.0 -1 60
87 chr20 6600 chr20 6941 01 95.0 95.0 -1 60
88 chr20 6600 chr20 7008 01 95.0 90.0 -1 60
89 chr20 6600 chr20 6973 01 60.0 95.0 -1 60
90 chr20 6600 chr20 7072 01 59.0 95.0 -1 60
91 chr20 6600 chr20 7030 01 90.0 47.0 -1 60
