1 INS 16 46391130 46391151 16 46401662 46401707 16 46403888 46403933 PE 2
2 INS 16 46405962 46406007 16 46393022 46393067 16 46400253 46400533 PE 2
3 INS_C 16 46390145 46390190 16 46406436 46406481 16 46406291 46406804 PE 2
4 INS_I 16 46388795 46388800 16 46433956 46434001 16 46435165 46435210 PE 2
5 INS_I 16 46390576 46390576 16 46432556 46432601 16 46434118 46434163 PE 2
6 INS 16 46406032 46406037 16 46399317 46399362 16 46401225 46401270 PE 2
7 INS_I 16 46422891 46422936 16 46395335 46395380 16 46406626 46406794 PE 2
8 INS_I 16 46428870 46429117 16 46403314 46403784 16 46404055 46404475 PE 2
9 INS 8 43827083 43827128 8 43829835 43829880 8 43837282 43838347 PE 2
10 INS 8 46848685 46849396 8 43830570 43831579 8 46844902 46845959 PE 2
11 INS_I 16 46390576 46390576 16 46420259 46420304 16 46434118 46434163 PE 2
12 INS 16 46406587 46406632 16 46387126 46387171 16 46406273 46406786 PE 2
13 INS 8 43827083 43827128 8 43829835 43829880 8 43831678 43832675 PE 2
14 INS_C 16 46388421 46388590 16 46394224 46394238 16 46404996 46405041 PE 2
15 INS_I 16 46428821 46428866 16 46392204 46392249 16 46403314 46403784 PE 2
16 INS_I 9 66840619 66840685 GL000199.1 23562 24055 GL000199.1 24671 24913 PE 2
17 INS GL000195.1 129741 130421 GL000205.1 25043 26043 GL000205.1 26229 26909 PE 2
18 INS GL000208.1 38522 38567 GL000208.1 44286 44331 GL000208.1 44476 45468 PE 2
19 INS_C_P 21 9653156 9653413 GL000214.1 35546 36056 GL000214.1 35957 36214 PE 2
20 INS GL000208.1 83047 83773 GL000208.1 77773 78672 GL000208.1 79190 80166 PE 2
21 INS_I 9 66861522 66861534 GL000219.1 178176 178221 GL000219.1 179183 179529 PE 2
22 INS_C_P 16 33954657 33955179 GL000220.1 127740 127785 GL000220.1 133742 133787 PE 2
23 INS_C_P 22 25489674 25489719 GL000220.1 132824 132869 GL000220.1 133202 134088 PE 2
24 INS GL000208.1 91335 91716 5 49410324 49411368 5 49439626 49440007 PE 2
25 INS GL000208.1 91335 91375 5 49439626 49440007 5 49440919 49441026 PE 2
26 INS GL000208.1 91478 91700 5 49409962 49410184 5 49410324 49411368 PE 2
27 INS_I GL000220.1 119596 119602 X 2247632 2248129 X 53935452 53936513 PE 2
28 INS_C_P 22 25488726 25489719 GL000220.1 128637 129084 GL000220.1 128976 129085 PE 2
29 INS_C_P 19 54009634 54009679 GL000220.1 132869 132914 GL000220.1 133202 134088 PE 2
30 INS Y 13450355 13450472 Y 13447271 13447566 Y 13447676 13448513 PE 2
31 INS Y 59016707 59016762 GL000225.1 157667 158065 GL000225.1 159478 159533 PE 2
32 DEL 1 6809540 6809585 1 6809601 6809646 -1 -1 -1 PE 2
33 DEL 1 6951798 6952293 1 6951819 6952314 -1 -1 -1 PE 2
34 DEL 1 10082414 10082734 1 10082415 10082735 -1 -1 -1 PE 2
35 DEL 1 20931975 20932898 1 20931976 20932899 -1 -1 -1 PE 2
36 DEL 1 23562462 23562572 1 23562556 23562666 -1 -1 -1 PE 2
37 DEL 1 142536549 142536593 1 142536550 142536594 -1 -1 -1 PE 2
38 DEL 10 38816832 38816877 10 38816991 38817036 -1 -1 -1 PE 2
39 Unknown 10 39096894 39097640 10 39125469 39126215 -1 -1 -1 PE 2
40 TD 10 125013280 125013888 10 125014488 125015096 -1 -1 -1 PE 2
41 TD 11 1211911 1212774 11 1213145 1214008 -1 -1 -1 PE 2
42 DEL 11 58587117 58588083 11 58587118 58588084 -1 -1 -1 PE 2
43 DEL 11 62297863 62298012 11 62297864 62298013 -1 -1 -1 PE 2
44 DEL 11 66952244 66952930 11 66952290 66952976 -1 -1 -1 PE 2
45 DEL 12 123671545 123671593 12 123671567 123671615 -1 -1 -1 PE 2
46 DEL 13 28268128 28269113 13 28268129 28269114 -1 -1 -1 PE 2
47 Unknown 14 100393367 100394212 7 158387964 158388809 -1 -1 -1 PE 2
48 Unknown 14 100394478 100395442 7 158386976 158387940 -1 -1 -1 PE 2
49 DEL 14 105273987 105274741 14 105273988 105274742 -1 -1 -1 PE 2
50 DEL 14 105414983 105415840 14 105414984 105415841 -1 -1 -1 PE 2
51 DEL 16 32531299 32531415 16 32531301 32531417 -1 -1 -1 PE 2
52 Unknown 16 33865504 33865549 Y 58979975 58980020 -1 -1 -1 PE 2
53 Unknown 16 33898654 33898699 1 142537178 142537223 -1 -1 -1 PE 2
54 Unknown 16 46385518 46385846 16 46416583 46416911 -1 -1 -1 PE 2
55 Unknown 16 46385948 46385993 16 46424611 46424656 -1 -1 -1 PE 2
56 TD 16 46387126 46387171 16 46399648 46399693 -1 -1 -1 PE 2
57 TD 16 46387210 46387255 16 46394761 46394806 -1 -1 -1 PE 2
58 Unknown 16 46387463 46387508 16 46425280 46425325 -1 -1 -1 PE 2
59 TD 16 46387910 46387955 16 46414360 46414405 -1 -1 -1 PE 2
60 Unknown 16 46388233 46388278 16 46422470 46422515 -1 -1 -1 PE 2
61 DEL 16 46388795 46388840 16 46393023 46393068 -1 -1 -1 PE 2
62 TD 16 46389237 46389282 16 46397174 46397219 -1 -1 -1 PE 2
63 TD 16 46389271 46389316 16 46408712 46408757 -1 -1 -1 PE 2
64 TD 16 46389300 46389345 16 46402109 46402154 -1 -1 -1 PE 2
65 DEL 16 46389554 46389599 16 46399979 46400024 -1 -1 -1 PE 2
66 DEL 16 46389639 46389670 16 46389640 46389671 -1 -1 -1 PE 2
67 DEL 16 46389748 46389793 16 46395894 46395939 -1 -1 -1 PE 2
68 DEL 16 46389748 46390084 16 46407038 46407374 -1 -1 -1 PE 2
69 Unknown 16 46390022 46390067 16 46423120 46423165 -1 -1 -1 PE 2
70 TD 16 46390643 46391075 16 46409060 46409492 -1 -1 -1 PE 2
71 TD 16 46390953 46391013 16 46397647 46397707 -1 -1 -1 PE 2
72 DEL 16 46391340 46391403 16 46391341 46391404 -1 -1 -1 PE 2
73 Unknown 16 46391700 46391745 16 46432334 46432379 -1 -1 -1 PE 2
74 DEL 16 46391729 46391774 16 46402404 46402449 -1 -1 -1 PE 2
75 Unknown 16 46391819 46391864 16 46428713 46428758 -1 -1 -1 PE 2
76 DEL 16 46392157 46392751 16 46392165 46392759 -1 -1 -1 PE 2
77 DEL 16 46392181 46392226 16 46403520 46403565 -1 -1 -1 PE 2
78 Unknown 16 46392946 46392991 16 46423497 46423542 -1 -1 -1 PE 2
79 TD 16 46393023 46393068 16 46400059 46400104 -1 -1 -1 PE 2
80 DEL 16 46393302 46393629 16 46412392 46412719 -1 -1 -1 PE 2
81 Unknown 16 46393303 46393348 16 46424678 46424723 -1 -1 -1 PE 2
82 DEL 16 46393337 46393382 16 46403571 46403616 -1 -1 -1 PE 2
83 DEL 16 46394120 46394165 16 46394127 46394172 -1 -1 -1 PE 2
84 DEL 16 46394252 46394297 16 46399973 46400018 -1 -1 -1 PE 2
85 TD 16 46394820 46394865 16 46407528 46407573 -1 -1 -1 PE 2
86 Unknown 16 46394829 46394874 16 46422119 46422164 -1 -1 -1 PE 2
87 TD 16 46394831 46394876 16 46402138 46402183 -1 -1 -1 PE 2
88 Unknown 16 46395280 46395325 16 46433442 46433487 -1 -1 -1 PE 2
89 DEL 16 46395343 46395900 16 46395344 46395901 -1 -1 -1 PE 2
90 DEL 16 46395465 46395510 16 46407100 46407145 -1 -1 -1 PE 2
91 DEL 16 46395835 46395880 16 46406480 46406525 -1 -1 -1 PE 2
92 DEL 16 46396067 46396112 16 46401303 46401348 -1 -1 -1 PE 2
93 DEL 16 46396655 46396700 16 46400988 46401033 -1 -1 -1 PE 2
94 DEL 16 46398803 46398848 16 46402866 46402911 -1 -1 -1 PE 2
95 TD 16 46401039 46401084 16 46408013 46408058 -1 -1 -1 PE 2
96 Unknown 16 46401088 46401133 16 46433679 46433724 -1 -1 -1 PE 2
97 Unknown 16 46401331 46401376 16 46435540 46435585 -1 -1 -1 PE 2
98 DEL 16 46402117 46402162 16 46407642 46407687 -1 -1 -1 PE 2
99 Unknown 16 46402266 46402311 16 46421902 46421947 -1 -1 -1 PE 2
100 TD 16 46402620 46402911 16 46408698 46408989 -1 -1 -1 PE 2
