1
2
3
4
5
6
7
12
13
14
16
17
18
19
20
21
22
23
25
26
27
28
29
30
31
32
33
34
35
36
37
38
39
40
41
42
43
44
45
46
47
48
49
50
51
52
53
54
55
57
59
62
63
66
70
71
73
75
76
77
78
83
84
86
87
90
92
95
97
98
99
101
106
115
116
117
118
119
120
121
122
123
124
125
126
127
128
129
130
131
132
133
134
135
136
137
138
139
140
141
142
143
144
145
146
147
148
149
150
151
152
153
154
155
156
157
158
159
160
161
162
163
164
165
166
167
168
176
184
185
186
187
188
189
190
191
192
193
194
195
196
197
198
199
200
201
202
203
204
205
206
207
208
209
210
211
212
213
214
215
216
217
218
219
220
221
222
223
224
225
226
227
228
229
230
231
232
233
234
235
236
237
238
239
240
241
242
243
244
245
246
247
248
249
250
251
252
253
254
255
256
257
258
259
260
261
262
263
264
265
266
267
268
269
270
271
272
273
274
275
276
277
278
279
280
281
282
283
284
285
286
287
288
289
290
291
292
293
294
295
296
297
298
299
300
301
302
303
304
305
306
307
308
309
310
311
312
313
314
315
316
317
318
319
320
321
322
323
324
325
326
327
328
329
330
331
332
333
334
335
336
337
338
339
340
341
342
343
344
345
346
347
348
349
350
351
352
353
354
355
356
357
358
359
360
361
362
363
364
365
366
367
368
369
370
371
372
373
374
375
376
377
378
379
380
381
383
384
385
386
387
388
389
390
391
392
393
394
395
396
397
398
399
400
401
403
404
405
406
407
408
409
410
411
412
413
414
415
416
417
418
419
420
421
422
423
424
425
426
427
428
429
430
431
432
433
434
435
436
437
438
439
440
441
442
443
444
445
446
447
448
449
450
451
452
453
454
455
456
457
458
459
460
461
462
463
464
465
466
467
468
469
470
471
472
473
474
475
476
477
478
479
480
481
482
483
484
485
486
487
488
489
490
491
492
493
494
495
496
497
498
499
500
501
502
503
504
505
506
507
508
509
510
511
512
513
514
515
516
517
518
519
520
521
522
523
524
525
526
527
528
529
531
532
534
536
537
538
539
540
541
542
543
544
545
546
771
1115
1141
1530
1860
3697
3778
5012
5023
5389
6117
7986
10554
10903
11217
11699
11827
12143
12680
13294
13838
14314
14945
15131
15356
15444
15756
16650
16845
16967
18597
18976
19926
20723
20903
20955
22156
23853
24395
24533
29176
32360
34158
34533
34637
34868
35324
38360
39770
39884
41125
41160
41351
41665
42100
42861
44138
44695
45079
45122
47110
47708
48912
51729
51741
51767
52010
52279
53122
53640
54478
55128
55369
56885
57779
57971
58453
58788
60706
61261
62231
62321
62834
63204
63333
65564
65650
65889
65930
68676
70384
70468
72646
73461
73805
75122
76023
76834
78362
78797
78902
79550
81153
83692
84073
84634
84644
84810
85496
85941
87623
88965
89076
89994
90466
91435
91585
92312
92589
92723
92958
93663
93816
94426
95696
95889
96445
96879
97993
98290
98983
99867
100255
101367
102104
102767
103070
104833
107057
108964
109208
109520
109827
111659
112037
112218
113063
114055
114531
114951
115332
116513
116953
117585
117728
118966
119010
120145
122151
123183
123615
123984
125537
126654
127809
128726
128790
128855
131259
131533
132357
132383
133715
133973
135697
135776
136189
136256
137166
137752
139388
139586
140837
142074
142513
142907
143135
143635
143697
145351
146306
146527
146671
147218
147314
148142
148263
148268
148359
148376
148595
148705
148853
149031
150217
150580
150864
150910
151654
152397
152473
152581
153767
154300
154715
154950
156205
156342
157528
158181
159229
159545
159883
160390
161787
163063
163089
163120
163365
163481
163979
164359
164508
167999
168349
169471
169718
170122
170123
172169
172238
172653
172944
173514
174380
174800
175051
175398
175476
176003
176606
176829
178027
179822
180462
181103
181354
182117
182136
182186
182516
182978
183555
185050
185636
186391
186714
187161
187204
187763
189140
189236
189291
190501
191796
192338
193198
193858
196051
197323
197679
198244
198341
200124
200535
201717
202442
202784
202995
203731
203922
204830
205325
205802
206010
206219
206823
207174
207846
208303
208333
208434
209578
210975
211069
211189
211779
214004
214065
217573
217848
218192
218345
218936
219022
221211
221264
221510
221744
222034
222193
222538
223522
225472
225878
226110
226554
226789
227388
227720
228359
229346
229598
229606
230514
231694
234154
234369
235383
235860
237590
237847
238806
239357
239775
240757
240778
241107
243141
243752
244709
244749
244800
245050
245518
245776
246384
247059
249259
249978
250226
250923
251102
251549
251990
252987
253810
254227
255965
257091
257128
257389
258315
258418
258459
258976
259533
260018
263460
263523
264041
265700
265942
267017
267595
267605
268539
269858
269865
270251
271520
272779
273552
275104
275315
276728
278439
278560
278622
279056
279559
279608
280582
280808
281116
282870
283408
284737
285799
286374
286685
287930
288252
288313
288717
289150
289248
291277
291800
291887
292393
293343
294414
295380
296017
296052
296696
297425
297816
298837
299769
300006
300095
300675
303326
303398
303892
304553
306761
308592
308609
310081
310453
311336
312093
312361
313304
315157
315308
315845
316180
316237
316537
316737
321802
322499
322877
323407
323708
323949
325455
325648
327079
327277
327379
327702
328917
329158
330570
331064
331982
334340
334654
334745
335133
335690
335886
337005
337605
338302
338498
338809
338976
339747
340081
340904
341049
341144
341318
341818
342010
344075
344771
344788
345223
345411
346690
347267
348089
348445
348609
350246
350804
351995
352393
353544
354235
354617
354654
356354
357895
359146
359387
359683
359831
360043
360492
360961
361317
361385
362227
364041
364474
364671
365264
365315
365906
366430
366901
367526
367638
368155
368452
368756
368842
370282
370334
370551
370682
370727
371902
371966
372099
372366
373828
374257
374388
376111
376165
376220
376560
377809
378381
380196
380697
381362
382716
383278
383647
383920
387177
388251
388653
388743
389100
389163
389643
390384
391062
391096
391367
391905
392615
392890
393337
395753
396562
396977
397746
397951
398125
398314
398738
399621
401360
402047
403030
403188
403658
403961
404387
405355
405698
405949
407282
408901
410880
411395
412490
412542
414498
415530
417508
417896
418215
418611
419458
421313
423173
423190
424486
425358
425399
427183
427618
428194
428432
428446
428970
429219
429946
430463
430916
431571
431872
432572
433263
434020
434105
435379
436071
436414
437568
438072
438347
438734
438894
439871
440276
441566
441892
442866
443953
445168
445385
446108
447927
448326
449386
449733
451881
452280
452401
452551
452663
453950
454038
454605
454947
456156
456176
456338
456656
458385
459202
459606
459832
461082
461682
463961
464412
465373
467401
467431
467720
469194
469331
469584
470308
472263
473163
473768
474692
475063
475235
475682
475974
476851
476934
477233
477358
478150
478447
479732
480456
481915
482118
482434
482476
482852
482886
484328
484738
485094
486780
487378
487929
488565
488714
488958
489927
491333
492257
493618
493815
494768
495117
495396
495530
497974
498418
498528
500554
500680
501335
501744
502360
503164
503213
503767
503816
504159
505861
506004
506078
506601
506890
507268
509301
509751
509995
510161
510742
511077
511285
511381
511475
512295
513985
514634
515871
515902
516118
517004
520831
521250
522236
522619
522741
523528
524634
524659
524764
524858
525832
526161
526260
526351
527124
527683
527739
527920
528150
529090
530020
530665
530667
531209
531286
533092
533777
534079
534454
534582
534862
534865
535345
536619
536946
537678
537874
538056
539069
540059
540819
543371
543472
544550
545179
545193
546029
548216
548523
548553
549850
550825
551607
551772
552345
553331
553890
555334
555471
555583
556165
556452
557000
558032
558186
558328
559166
559492
560765
560820
562340
563105
564990
565093
565289
566465
566848
566867
568072
569159
570138
571912
572011
573183
573277
573811
574251
574515
574653
576337
576479
577369
577694
578188
578465
578578
579197
580275
581259
581934
582978
584231
584590
585083
585253
585935
587139
587451
587855
588335
588532
588734
588752
588776
589429
590387
590770
591479
591511
593219
593399
594102
594532
596294
596458
596907
598931
599650
600089
600248
600507
600778
603029
603596
603871
603907
604210
604575
604583
605179
606065
606337
607082
607484
607553
608329
608874
609081
609734
610337
610455
611176
611428
612368
613782
614361
614444
614631
614688
614840
616805
616979
617164
617680
617853
620054
622583
622678
622695
622796
622808
624647
624687
624894
626709
626980
627190
628853
628903
628917
629895
630529
631659
632035
632452
633696
633929
634810
636344
637609
640920
641231
641815
642459
642962
643144
643214
643526
643552
643953
644300
645707
647739
648321
649507
649589
650493
650824
651082
651129
653527
654086
655665
656078
656447
658361
658657
659066
659412
659605
661707
661848
662589
662714
663099
663291
666890
667546
667870
668267
668319
668960
669378
669457
669534
669601
669832
670762
671189
672294
672757
673060
673747
677180
679862
679959
680222
681286
681893
684123
684836
686583
686851
687916
688380
689747
690567
690972
692066
693083
695571
696032
696961
697817
698269
698729
699471
700094
703269
703434
703719
704866
704964
705146
706362
706680
707449
710643
711947
712031
712103
714271
714879
714892
715035
715059
715305
715670
716840
717374
718967
720008
720059
720346
720521
720848
721845
726299
726432
726732
727313
727503
727640
727920
728493
728658
729607
731024
731128
733675
735863
737323
738206
739349
739598
740333
741199
741307
741443
742393
742433
743170
744744
745517
747167
747590
747891
748866
749789
750801
751718
752584
752864
753723
754095
754740
755138
755153
757536
758312
758728
758909
759209
759576
760696
760856
762106
763362
763599
763831
763931
764863
764952
765990
766240
767670
768711
768791
768893
769309
769422
769638
769962
770082
770158
771961
772230
774244
774416
775739
778306
780925
781288
782647
783150
783305
783965
784326
784837
785271
785544
786320
786828
787257
787605
787876
790648
790708
791608
792178
792603
792783
793751
796378
796922
797703
798395
798504
799400
800464
801320
802702
802820
804193
804756
807349
809249
810521
810831
810869
810978
813366
813744
814431
816620
818485
818651
818900
819867
822201
824428
824452
827043
828389
828401
829121
829146
830313
830593
831027
831622
832048
832273
832950
833151
833520
834312
834477
834866
835220
836070
837247
837425
838428
838958
839313
840332
841026
842691
843152
843745
847021
847463
848707
849133
849308
850418
850462
851416
852041
853062
853154
853181
853466
853859
854428
854473
854522
854817
854981
855613
855748
855757
856035
856733
857015
857521
857681
858359
858841
859049
859127
859881
862271
862292
862590
863255
863511
863702
865451
866279
866665
866714
867304
867645
867763
870984
871000
871403
872463
873061
874920
875997
877514
878386
878516
878553
880575
881029
881419
881821
883624
884585
885411
885951
886379
887375
888050
888936
888998
889730
889774
894349
896725
898812
899360
900945
901854
904295
905131
905233
906222
906536
907872
908628
911262
911298
911863
912249
912266
912288
912577
912768
913385
915177
915656
916143
916225
917005
917183
917727
917937
918822
918957
919957
920070
921815
922139
922995
923313
925230
925498
926057
927772
928245
929137
929690
930064
930281
930698
930925
932286
933585
933929
934584
934960
935796
936269
938605
938861
939234
939837
941026
941198
941510
941621
941941
942166
942382
942618
943912
944208
944580
945170
945710
946891
947237
947928
949794
949909
952122
952929
953126
953815
954890
955444
955570
955956
956302
956438
956484
956695
956782
957948
958170
958390
958481
958547
959952
960704
960764
961434
961625
962370
962410
962431
963511
963690
964414
964577
965142
965478
966977
967937
968080
968619
969034
969909
970581
971110
971139
971391
972056
972763
972867
973195
973667
973762
978331
979357
979373
980933
981416
981781
982477
982859
982925
983406
983608
984596
984926
985536
985754
986066
986935
987023
987692
988547
988805
989125
989244
989546
990067
990485
990609
990876
991100
991349
991593
991603
991994
992219
992989
993457
994972
996232
996243
996846
999364
1000023
1000061
1001137
1001519
1001882
1001885
1002061
1002336
1003282
1004757
1006579
1007600
1008004
1008304
1010291
1011523
1012013
1013555
1013757
1014483
1014528
1014764
1015027
1016250
1016646
1016990
1017197
1017985
1018080
1018097
1018460
1020132
1020937
1021730
1022107
1022760
1024966
1025534
1026259
1026354
1026527
1026751
1027415
1027575
1029382
1030997
1031942
1032119
1032489
1033332
1033351
1034491
1035909
1036328
1036526
1038248
1038277
1038807
1039162
1039207
1040050
1040205
1040895
1041065
1041201
1041800
1041876
1041992
1042549
1042961
1043602
1043880
1043976
1044351
1045245
1045376
1046597
1046993
1047828
1048137
1048528
1049183
1049427
1049867
1051921
1051975
1052447
1052986
1053821
1054513
1055017
1055258
1055513
1056917
1057345
1061366
1061683
1062158
1062531
1062650
1063244
1064217
1064775
1067304
1067811
1067968
1068826
1068883
1069182
1070092
1070111
1070172
1070206
1070501
1070605
1072337
1072521
1073740
1074124
1074565
1075815
1076229
1076272
1076647
1077870
1078755
1080233
1080385
1081487
1081658
1082945
1085144
1085321
1086653
1086829
1087142
1087444
1087938
1089231
1090116
1090909
1091214
1093035
1094821
1095123
1095225
1095680
1097389
1097503
1099846
1100216
1100326
1100505
1100585
1101883
1102255
1102373
1102661
1103892
1106494
1107892
1107920
1109038
1110534
1111589
1111629
1113191
1113655
1115815
1116407
1117400
1117699
1119080
1119092
1119795
1121129
1121205
1121696
1122438
1122456
1124501
1124689
1125827
1126275
1126481
1126537
1127330
1128210
1128430
1128553
1130826
1131553
1132244
1132308
1132468
1132698
1132963
1133127
1133259
1133309
1133513
1133663
1133989
1135450
1135519
1135829
1138752
1139170
1139392
1140935
1141327
1141560
1142219
1143459
1143926
1144592
1145773
1145880
1146361
1146951
1147709
1147765
1150826
1152216
1152565
1152771
1153719
1154004
1155177
1155977
1156741
1157235
1157683
1157937
1158683
1159515
1159691
1160372
1160456
1160993
1161046
1162881
1163375
1163621
1164635
1164998
1167601
1167822
1168086
1170272
1171348
1171580
1172935
1173998
1174408
1175212
1175242
1175273
1175876
1176503
1177359
1177445
1177721
1177847
1177866
1179284
1179895
1180499
1181476
1182090
1182162
1183020
1183292
1187000
1187083
1187284
1187556
1187866
1188641
1189251
1189507
1189690
1189821
1190080
1190288
1190947
1191810
1194793
1195899
1196246
1197686
1198328
1198623
1198778
1198799
1198925
1200044
1200760
1201142
1201530
1203007
1203277
1204011
1204131
1205193
1206445
1207307
1207600
1207928
1210523
1211376
1211382
1212586
1213877
1214218
1216321
1216929
1219056
1219230
1219581
1221673
1224653
1225573
1226778
1227461
1227710
1227827
1227925
1229531
1230160
1231188
1231596
1231989
1232504
1232738
1234591
1236048
1237332
1237747
1238262
1238481
1239019
1239599
1240138
1241640
1243720
1244092
1244283
1245707
1245735
1248242
1248454
1248810
1249597
1250512
1250723
1252232
1254527
1256766
1256929
1257091
1257381
1257694
1258464
1258640
1259003
1260238
1260313
1260481
1260756
1260966
1261946
1263067
1267084
1268405
1268586
1269186
1269498
1271010
1272165
1272639
1273307
1273482
1273490
1273753
1273839
1273979
1274782
1275087
1275578
1276343
1276413
1276727
1276780
1278868
1279106
1279646
1280184
1280799
1281503
1283047
1283073
1284999
1287913
1288446
1289621
1292737
1293662
1295654
1296054
1296880
1298342
1298427
1299673
1300083
1300259
1300655
1302708
1303293
1303414
1303489
1303720
1304791
1306703
1308309
1308786
1309113
1309162
1311638
1311905
1312800
1312883
1314539
1318365
1319050
1319223
1319522
1322458
1324027
1324164
1324934
1325247
1328383
1328572
1329366
1330144
1331097
1331192
1331617
1332620
1333937
1335276
1335321
1336017
1336254
1336510
1336695
1337198
1337536
1337895
1338805
1339859
1340431
1341211
1342920
1343101
1344016
1344238
1344802
1344814
1345725
1346251
1346630
1347928
1351557
1353207
1353294
1353616
1353770
1354642
1357426
1357464
1358372
1358441
1359019
1359919
1360591
1361177
1361473
1361797
1362313
1362791
1363409
1363898
1364310
1365478
1365644
1367594
1369328
1372181
1373695
1374338
1378332
1378493
1379780
1380278
1381698
1382269
1382748
1383205
1383368
1383528
1383531
1384392
1384705
1384945
1386203
1386775
1388165
1388515
1389745
1390190
1390442
1390581
1390976
1391113
1391212
1391326
1391370
1391685
1393676
1395853
1396295
1398587
1398934
1398974
1399013
1399256
1401320
1401339
1402866
1404146
1405146
1405752
1406192
1406244
1406994
1407334
1407436
1407995
1408910
1409847
1409914
1410635
1411104
1411310
1413097
1413169
1414011
1414144
1415145
1415854
1416097
1416470
1418318
1420013
1422123
1423094
1424675
1424817
1425438
1425568
1426303
1426863
1428194
1428324
1428470
1428481
1429502
1430378
1430848
1431085
1431427
1431942
1432900
1433326
1433404
1434003
1435610
1437796
1437896
1438564
1438593
1438842
1439024
1439114
1439386
1439430
1439558
1439857
1440715
1442628
1443146
1443761
1444002
1444101
1444473
1445816
1446544
1446742
1447108
1447124
1447955
1448830
1449401
1452127
1452920
1453801
1454584
1455560
1455631
1456562
1456743
1457830
1459302
1461137
1462899
1465473
1466115
1466548
1466579
1467025
1467167
1469017
1470158
1470300
1470627
1471169
1472608
1472800
1473067
1473272
1473675
1475711
1478794
1478891
1479522
1480257
1481651
1482891
1483443
1483528
1485065
1485161
1485484
1485556
1485895
1486052
1486144
1486674
1487608
1487913
1488070
1488729
1489302
1490995
1491097
1491300
1491785
1492370
1492462
1493022
1494701
1496445
1498402
1498426
1499320
1499815
1501007
1502905
1504825
1506743
1508053
1508150
1509330
1509878
1510027
1510138
1511385
1511620
1512716
1513818
1515099
1515511
1515734
1515839
1515919
1516024
1517756
1519409
1520262
1520412
1521660
1522263
1523964
1524202
1526343
1526491
1527188
1528084
1528272
1528454
1529674
1529919
1531363
1531643
1532207
1532210
1532395
1532957
1536723
1540133
1540641
1540843
1542986
1544611
1545617
1545735
1546372
1547343
1547604
1547731
1549663
1550049
1552246
1552481
1553328
1555304
1556418
1557842
1558565
1558842
1560659
1560938
1563625
1564572
1566654
1569841
1570194
1570810
1571971
1572696
1573565
1574326
1575584
1577080
1578013
1579283
1580356
1581090
1582358
1582487
1583750
1583968
1584943
1585283
1586462
1586510
1586647
1588958
1589372
1589591
1589759
1590091
1590443
1590678
1592189
1592518
1592688
1593146
1593471
1596043
1597206
1598268
1598441
1598676
1598857
1601319
1601475
1601510
1602410
1602545
1604269
1605475
1606151
1606411
1608438
1611090
1612950
1613953
1615856
1616683
1617183
1618385
1619389
1620408
1620541
1620584
1623767
1626303
1626985
1627466
1627986
1628472
1629481
1629718
1630383
1633295
1633964
1634099
1634316
1634599
1635764
1637067
1638976
1639548
1640038
1640605
1641388
1642560
1643153
1643188
1644891
1645809
1648126
1648208
1649420
1649550
1650617
1652357
1652640
1653443
1653804
1654356
1657469
1657526
1657874
1658388
1659931
1660071
1661601
1662467
1663410
1663418
1664213
1665453
1666511
1666513
1667861
1667951
1668944
1669356
1669839
1673335
1673442
1673980
1674268
1674992
1675090
1675727
1675735
1676609
1676679
1677587
1677871
1678389
1679207
1680753
1681064
1682635
1682760
1683278
1684043
1685391
1685594
1685807
1686740
1687115
1687492
1688214
1688902
1688942
1688954
1689146
1689223
1689440
1691550
1692642
1693792
1693991
1696242
1696617
1696972
1697299
1698240
1698642
1698970
1699096
1699503
1700070
1700306
1701907
1703071
1703526
1704020
1704087
1704513
1705438
1706041
1707065
1707374
1707389
1707453
1708352
1708547
1710528
1710539
1710794
1711775
1712534
1712926
1713934
1714284
1714457
1714589
1716645
1716816
1716875
1719025
1719322
1719546
1720255
1721510
1723095
1723946
1724042
1725444
1725999
1726745
1726934
1727914
1728286
1728804
1729737
1729857
1731116
1731346
1731669
1731929
1733076
1733930
1734235
1735870
1736819
1737346
1737964
1738156
1739111
1740702
1740874
1744560
1745953
1746921
1747083
1747085
1747898
1748473
1748511
1748598
1749438
1749601
1750817
1752629
1753693
1753908
1754923
1755684
1756294
1756929
1759163
1759456
1761103
1761296
1762609
1763785
1764123
1764982
1766114
1766723
1767038
1767178
1768012
1768537
1768617
1770930
1771275
1772972
1773057
1775115
1775117
1775327
1776156
1776180
1778590
1779114
1779131
1781339
1781788
1783635
1786723
1787522
1787628
1788295
1791014
1791211
1791280
1791662
1792000
1792667
1792908
1793120
1793788
1795333
1795450
1796081
1796230
1798956
1799232
1799533
1799944
1801089
1801398
1803198
1803555
1804153
1804839
1804944
1805912
1806367
1807361
1807741
1807827
1808318
1808325
1808411
1809070
1809969
1810530
1811256
1811754
1813138
1813960
1814517
1816117
1819456
1821038
1822080
1822573
1823032
1824431
1824905
1825612
1825655
1829865
1830659
1830848
1832015
1832326
1832482
1832606
1832988
1833650
1833864
1834841
1835546
1836304
1836582
1836797
1838030
1838701
1839245
1840389
1840656
1841539
1843204
1843784
1843837
1844560
1845310
1845786
1846153
1846950
1847305
1847630
1847806
1848344
1849055
1849253
1849953
1850589
1851584
1851953
1852663
1852712
1853026
1853104
1853412
1853429
1853568
1854276
1854628
1855350
1855546
1855678
1855802
1856100
1860057
1860210
1860528
1860741
1861157
1861666
1863087
1863213
1863453
1864132
1864260
1864739
1865294
1866693
1868085
1872542
1872845
1873005
1874391
1874767
1874850
1874901
1875971
1876150
1877022
1878570
1878653
1878786
1879723
1880281
1881368
1881533
1882147
1883509
1884090
1885723
1885850
1886018
1886250
1887663
1887690
1887744
1888250
1889422
1890314
1890881
1890906
1891293
1892602
1893740
1895201
1895240
1895558
1896429
1896828
1896969
1897302
1897550
1897578
1897733
1899391
1899757
1900642
1901777
1901882
1901932
1901962
1901976
1902292
1904222
1905919
1906155
1906799
1909256
1909727
1910178
1910219
1911137
1911876
1912473
1913057
1913377
1915202
1915534
1916206
1917532
1917890
1918335
1918612
1918845
1919594
1919782
1921601
1923264
1924023
1924378
1926048
1926603
1926949
1926996
1927082
1927912
1928095
1928119
1928673
1929400
1930636
1932159
1933597
1933925
1934838
1935348
1937331
1938208
1938601
1939731
1939833
1940321
1940564
1942144
1942334
1942366
1942940
1943900
1944157
1944516
1944557
1946501
1947797
1948274
1949670
1951025
1955105
1955125
1955395
1956804
1957016
1957061
1957434
1957594
1959918
1960433
1960541
1960917
1962578
1963068
1963565
1964457
1965967
1965974
1966208
1966794
1967441
1968496
1969900
1970189
1970625
1970668
1970691
1971649
1972142
1972934
1974364
1974804
1975371
1976092
1976373
1976438
1976771
1976928
1977238
1979282
1979677
1980134
1982810
1983215
1983793
1984958
1985791
1986407
1986760
1986799
1987254
1987388
1987591
1987696
1989329
1990598
1990707
1991058
1993106
1993218
1994322
1994690
1995480
1995598
1996544
1996858
1997120
1997540
1997814
2000279
2000632
2000864
2002479
2003290
2004939
2006160
2006419
2006857
2007246
2007863
2008072
2008989
2009256
2014786
2014968
2015372
2015460
2017448
2017715
2018196
2018314
2018357
2019971
2020004
2020203
2020604
2021344
2022102
2023120
2023457
2025076
2025176
2026726
2027007
2027145
2029470
2029558
2029604
2030522
2030523
2031255
2032052
2033556
2033633
2034491
2035443
2036084
2036893
2037636
2037689
2038113
2038299
2038387
2039605
2039823
2040012
2042588
2042814
2043373
2044340
2044821
2045919
2046849
2047388
2047607
2047768
2047909
2048635
2049524
2049709
2051348
2053726
2054362
2054822
2056213
2057003
2057281
2057470
2057653
2057671
2058042
2059195
2059259
2060774
2060877
2063707
2064124
2065105
2066129
2069722
2070057
2070243
2070370
2070499
2070755
2070998
2072387
2072566
2072872
2074141
2074174
2074445
2074557
2074567
2074628
2074978
2076155
2076793
2077647
2078803
2079333
2079372
2080988
2081402
2082798
2083322
2083456
2083952
2085693
2087974
2088462
2088829
2090286
2091446
2092461
2092732
2095012
2095180
2095942
2096678
2099424
2100737
2101101
2101230
2101662
2102952
2103702
2103737
2105685
2106399
2106573
2106863
2108997
2110467
2110589
2110612
2112162
2112216
2113474
2113737
2115574
2115693
2115766
2115869
2117649
2119899
2120094
2120869
2122666
2123062
2123906
2124071
2124366
2124593
2125306
2125605
2125703
2126348
2126569
2126990
2127326
2127661
2127906
2128213
2128579
2129945
2131672
2132707
2133009
2133478
2133821
2134732
2135255
2135414
2135548
2136038
2138551
2139569
2141445
2142048
2143775
2144708
2145177
2148125
2148764
2149341
2149527
2150376
2153630
2153735
2154086
2155998
2156573
2157728
2159936
2160334
2160739
2161695
2162344
2162488
2163057
2163062
2163078
2164067
2164368
2164447
2164807
2165492
2166023
2166697
2167498
2168803
2169103
2170009
2170814
2171108
2172312
2172478
2172705
2173034
2173257
2173805
2173936
2174019
2174435
2174905
2175973
2176080
2176339
2179064
2179416
2180146
2180231
2181582
2183165
2183206
2184034
2184637
2185861
2187670
2188208
2188972
2189007
2189131
2189513
2190401
2190469
2190740
2192268
2193436
2193470
2193691
2194645
2194946
2195346
2195998
2196482
2196566
2197304
2197674
2202269
2203104
2203283
2204913
2205031
2209471
2209820
2210412
2210636
2211180
2211190
2211444
2212361
2213779
2213863
2215372
2216438
2217554
2218275
2218343
2220810
2221365
2224345
2224995
2225262
2225325
2225956
2226939
2227092
2227205
2229739
2230475
2230885
2232093
2232439
2232506
2232534
2233130
2233801
2235816
2237874
2238145
2239950
2240224
2240972
2241081
2241145
2241460
2242410
2245212
2245999
2246604
2247235
2248985
2250533
2251833
2252809
2253194
2253738
2253757
2253902
2256208
2257204
2257660
2257996
2258458
2259122
2260073
2260802
2261576
2262844
2263009
2263299
2263604
2264204
2264633
2264668
2264691
2265154
2265288
2265347
2265518
2266828
2267020
2268363
2268823
2269323
2270108
2270843
2270896
2271424
2272435
2274116
2274342
2274511
2275126
2275544
2276419
2277681
2279011
2279560
2279676
2279683
2279907
2281148
2281450
2283317
2284167
2284206
2284846
2284904
2285464
2285842
2286702
2287097
2287387
2289626
2290744
2291572
2291717
2292916
2293613
2293803
2294798
2295303
2295523
2295603
2295763
2296623
2297050
2297453
2298015
2299314
2299803
2301719
2301781
2303371
2303803
2305186
2306100
2307506
2307648
2307664
2307743
2311288
2312371
2312688
2315866
2317669
2317823
2318500
2320654
2321754
2322414
2323569
2324172
2324371
2324452
2324656
2324962
2325456
2326614
2326751
2327470
2328006
2328823
2330516
2331191
2331224
2331689
2331842
2332991
2333022
2333087
2333345
2334147
2334305
2334454
2334896
2335029
2335060
2335199
2336403
2336623
2337444
2338025
2338310
2338507
2338958
2339101
2339468
2339865
2340266
2340448
2342096
2342930
2343164
2343573
2345426
2346150
2347728
2347812
2348100
2348154
2348827
2349988
2350194
2351308
2352855
2353231
2353251
2354181
2354937
2355063
2355304
2355667
2356151
2356885
2357360
2358305
2358905
2361156
2362857
2363192
2363381
2363554
2364564
2366217
2366678
2367182
2367277
2367663
2368322
2368403
2368475
2368708
2369172
2369306
2370312
2370455
2370534
2371144
2371260
2372908
2374365
2375307
2375627
2375649
2377636
2378183
2379930
2380217
2381754
2381805
2385597
2386134
2387188
2387842
2388264
2389181
2390849
2393053
2393829
2393901
2393908
2394371
2395250
2395899
2396209
2396958
2397580
2398179
2398661
2398968
2399546
2401777
2403869
2404113
2404886
2405321
2405729
2405747
2406350
2407055
2407752
2408563
2408969
2412967
2413153
2413875
2414747
2414885
2414901
2418834
2419525
2420852
2422653
2422726
2423329
2423970
2426215
2426811
2428027
2428416
2428551
2431748
2431762
2431847
2432900
2433710
2433818
2435849
2435895
2436385
2444534
2445828
2446471
2446863
2447111
2448494
2448726
2453636
2454349
2454507
2454835
2454848
2455002
2455911
2455912
2457552
2458324
2458427
2459544
2460349
2462196
2462473
2465831
2466186
2466252
2467982
2468293
2468595
2469399
2469964
2470940
2472761
2475853
2476342
2477345
2478769
2479390
2480651
2481343
2481929
2482278
2482834
2482888
2483870
2484087
2484747
2485324
2485522
2486841
2488523
2489384
2489757
2491013
2492465
2492647
2493798
2494354
2494480
2495285
2496142
2496504
2497817
2497994
2498621
2498719
2499869
2500050
2502189
2503606
2503763
2503852
2505683
2506717
2506739
2507990
2509003
2509383
2511506
2512827
2514107
2514687
2515007
2515635
2517978
2518238
2519325
2519841
2519847
2520335
2520784
2521684
2522273
2522473
2522740
2523073
2523870
2523877
2524238
2524942
2525876
2526468
2527103
2527215
2527699
2527950
2528003
2528009
2528184
2528622
2529166
2530957
2531816
2531895
2532867
2534533
2534823
2534916
2535738
2536018
2536107
2536902
2536964
2538012
2540954
2541676
2544690
2545354
2545656
2546788
2548859
2550003
2550618
2550763
2551465
2551711
2551977
2552169
2552491
2553932
2554512
2554864
2554882
2555503
2555826
2559106
2560296
2561045
2562668
2563291
2563910
2566064
2566944
2568703
2568782
2570427
2570460
2570691
2570840
2571026
2571891
2574035
2574079
2574321
2574827
2575342
2576146
2577225
2578292
2578832
2580450
2580718
2584352
2584662
2584761
2585941
2586019
2586738
2587501
2587768
2589098
2591262
2593154
2595413
2596037
2596535
2596593
2598872
2598982
2599522
2600672
2601979
2602003
2602609
2603691
2604956
2606618
2606933
2608696
2610539
2611186
2611423
2611776
2613098
2613559
2614210
2616797
2617704
2618998
2619068
2619277
2619430
2619806
2620541
2621034
2621926
2622897
2623225
2623476
2624605
2625110
2625407
2626302
2626731
2626969
2627811
2628473
2628593
2628935
2630135
2630416
2631978
2632109
2632657
2632839
2633814
2634799
2634824
2636090
2636527
2637141
2642238
2643415
2644986
2645883
2645981
2646027
2646288
2646652
2648053
2649243
2650780
2651418
2651928
2652855
2652982
2653452
2653856
2654523
2655498
2656997
2658081
2658968
2659379
2659777
2660098
2661289
2661534
2662160
2662541
2662807
2663079
2663516
2663735
2664070
2664390
2664817
2665741
2666453
2666532
2666568
2666709
2668227
2668327
2669566
2669712
2671074
2671197
2671301
2671874
2672184
2672220
2672741
2673051
2673525
2674282
2675199
2675913
2677071
2677746
2679354
2679526
2680355
2680410
2680445
2681410
2681668
2681774
2683375
2683569
2683701
2684506
2685446
2685459
2685503
2685688
2685912
2686245
2686652
2687911
2688130
2688355
2689516
2690316
2691031
2691126
2692675
2693256
2693886
2694850
2694856
2695693
2696106
2696740
2700385
2702071
2703069
2703953
2703964
2704093
2704892
2707260
2707354
2707764
2707802
2708001
2708294
2708437
2708919
2708953
2711477
2713929
2714200
2714467
2715008
2715115
2715570
2715631
2715809
2716215
2716608
2718775
2719086
2719572
2719724
2719734
2719992
2722324
2723353
2725361
2725474
2725641
2727212
2727646
2728040
2729081
2729098
2729950
2730012
2731383
2732794
2733942
2734202
2735099
2735768
2735823
2738070
2738504
2739195
2740552
2740816
2741028
2741239
2742122
2742273
2742323
2743484
2744807
2746075
2746617
2748032
2748110
2748772
2748783
2749103
2749811
2750505
2751918
2751952
2752252
2753023
2753442
2753635
2754800
2757175
2759388
2759415
2759501
2761225
2761929
2762790
2763075
2763163
2765473
2766281
2766867
2766926
2768490
2770195
2770234
2770944
2771164
2771193
2772226
2772291
2772756
2773963
2774570
2775924
2776493
2776800
2777457
2778794
2779090
2779766
2781030
2782494
2784019
2785003
2785364
2786559
2788102
2788576
2789761
2790420
2790578
2792008
2792341
2792572
2794189
2795384
2796597
2798278
2799385
2800794
2801110
2801287
2801404
2802422
2802791
2804811
2805139
2806215
2806439
2806448
2806699
2807038
2807600
2808318
2808745
2809591
2810934
2813942
2815018
2815624
2816011
2817003
2818313
2818526
2819372
2820860
2821246
2822002
2822028
2822255
2823021
2823164
2825045
2825808
2825951
2825972
2826112
2828098
2828725
2829101
2829797
2829843
2830985
2832225
2834970
2836684
2837161
2837220
2837541
2838497
2840868
2841267
2841420
2841446
2843035
2844126
2844982
2845939
2847240
2848451
2848455
2848468
2848940
2849271
2849667
2850826
2850984
2851251
2851274
2851963
2852187
2852409
2852821
2853386
2853724
2854074
2855206
2855238
2855375
2855441
2856212
2856881
2856987
2857132
2857857
2863473
2864931
2865084
2866473
2868160
2868202
2869543
2870166
2870576
2870888
2871042
2871703
2872159
2872233
2872310
2874686
2875133
2875687
2875785
2876148
2876767
2876858
2877422
2877967
2878123
2879640
2880001
2880438
2881115
2882727
2882746
2885454
2886089
2886095
2886832
2887302
2891631
2891813
2892321
2892843
2893305
2894401
2895053
2896715
2897957
2898077
2898789
2899421
2899794
2900125
2900178
2900195
2900750
2901385
2901393
2901958
2902177
2902505
2905032
2905432
2905466
2905624
2906226
2907164
2907923
2908171
2908203
2908383
2908817
2909580
2911005
2911435
2911506
2911785
2912002
2912014
2912507
2912919
2912982
2914794
2915083
2915614
2916163
2918314
2918572
2918797
2918890
2919397
2919516
2920295
2921202
2921683
2921890
2922297
2922489
2922661
2922768
2924049
2924324
2925136
2925318
2926184
2926809
2927260
2927427
2928040
2928241
2928469
2928583
2928947
2929233
2931073
2931360
2931417
2932072
2932666
2933048
2933373
2934215
2934918
2935633
2935964
2936522
2937967
2939030
2940621
2941704
2942055
2942539
2942816
2943136
2943246
2943642
2944749
2947469
2948324
2950489
2951605
2951688
2952329
2954460
2956006
2956539
2957268
2957537
2958088
2958936
2960125
2960369
2963940
2965266
2965580
2965951
2966597
2966616
2966796
2969170
2969932
2970969
2974606
2974914
2974998
2975535
2975706
2976673
2977319
2977922
2977960
2980676
2981725
2981861
2982724
2982905
2983352
2984225
2985799
2987653
2988456
2988585
2988899
2988949
2989727
2989802
2991049
2992138
2993445
2993511
2993614
2994070
2994104
2994947
2995728
2996179
2997304
2997697
2997971
2998542
3000888
3000930
3002672
3003517
3004044
3005494
3005692
3007849
3008785
3009559
3009692
3009875
3010622
3010641
3011726
3012370
3013058
3014427
3014618
3015995
3016588
3017340
3017360
3017957
3018013
3019825
3020000
3020350
3022115
3022390
3026010
3026206
3031066
3031718
3032390
3032623
3032655
3032912
3033216
3034184
3035088
3036823
3036906
3036946
3037465
3038419
3038888
3039171
3040056
3040381
3040805
3042028
3045705
3045716
3046039
3049678
3051516
3053404
3055095
3055215
3055353
3056039
3056233
3056243
3057973
3057990
3059962
3060609
3061454
3062362
3062506
3063957
3064687
3068783
3068861
3068868
3069495
3069560
3070843
3071607
3075538
3075685
3075755
3076173
3076689
3077844
3078240
3079418
3080707
3081038
3081302
3082123
3083217
3083795
3084353
3084616
3084731
3084769
3085840
3086694
3086713
3087889
3088201
3088611
3088743
3089513
3089707
3089848
3090104
3092368
3093000
3093096
3093140
3094515
3095661
3095864
3095918
3095952
3096138
3096632
3097131
3098041
3098403
3098453
3099177
3099681
3100490
3101759
3103234
3103689
3104406
3105465
3107947
3108455
3108760
3109586
3110245
3110645
3112394
3113245
3113280
3113737
3114927
3115399
3116276
3116320
3116414
3116453
3117251
3118257
3119918
3121110
3123874
3124136
3124349
3124852
3126577
3126609
3127093
3127167
3127431
3127510
3129065
3129288
3129559
3130313
3131241
3132125
3132982
3133414
3133592
3133620
3134749
3134907
3135747
3136775
3137665
3138817
3140671
3141020
3141234
3142291
3144298
3145350
3146709
3147060
3147540
3148104
3148521
3149059
3149169
3149473
3149711
3150075
3150123
3151336
3151849
3152351
3155662
3155827
3156509
3157995
3158887
3158901
3159352
3160722
3160786
3161516
3161523
3161607
3162471
3163554
3163830
3164886
3165537
3165584
3165590
3165942
3166340
3167153
3167159
3167165
3167779
3167782
3168034
3168625
3170100
3171234
3171324
3172192
3173492
3174094
3174767
3175515
3178122
3178736
3179058
3179708
3180375
3180619
3181001
3181082
3181499
3182844
3183022
3183162
3183659
3183737
3185809
3187155
3187219
3188644
3189222
3189259
3190017
3191521
3191847
3192226
3192681
3192931
3194563
3194912
3195828
3196867
3196990
3197692
3199201
3199254
3199308
3199421
3200566
3204279
3204349
3205020
3205448
3206145
3206911
3206955
3207809
3208152
3209162
3210310
3210885
3212125
3212265
3212533
3212616
3213224
3213962
3214203
3215393
3215693
3216065
3216986
3217160
3217298
3217526
3218281
3219852
3220570
3220787
3220880
3220986
3221107
3221332
3222907
3223284
3223955
3224707
3225592
3225708
3225850
3225918
3226043
3226076
3226702
3226752
3229380
3230090
3232547
3232692
3234324
3234603
3234903
3235656
3235735
3235954
3236032
3236122
3238808
3239633
3239817
3242761
3242919
3244698
3245181
3245930
3246988
3248911
3250908
3252039
3252263
3255795
3257269
3258111
3258338
3259034
3259363
3260377
3261820
3262416
3262749
3262810
3264004
3264093
3264975
3265770
3266723
3266864
3268482
3268812
3268991
3269106
3269129
3271194
3271893
3272656
3272661
3274059
3276372
3276611
3277829
3279615
3279954
3282513
3283437
3283662
3284778
3285259
3285278
3285400
3286442
3286446
3286482
3286774
3286942
3287160
3287307
3287373
3287553
3288080
3288590
3289095
3289195
3289527
3290053
3290333
3290667
3290810
3291141
3291218
3291544
3293269
3293406
3295785
3295924
3296025
3296747
3297917
3297976
3298637
3299905
3302171
3302655
3302676
3302740
3303558
3304345
3305355
3305695
3306929
3307492
3307560
3307826
3308042
3309213
3309396
3310819
3311288
3313149
3313288
3313338
3314142
3314181
3316380
3316855
3317182
3319608
3319862
3321410
3321536
3321699
3322220
3322893
3325924
3328036
3328433
3328441
3328447
3329419
3330983
3330997
3331121
3332096
3332742
3333245
3333695
3334106
3334635
3336502
3336574
3336614
3337071
3337388
3338446
3338743
3339207
3340931
3340984
3341813
3342218
3343507
3343784
3343885
3345098
3345199
3345387
3345708
3346598
3346948
3347118
3348186
3348788
3350931
3350983
3353698
3354131
3354234
3354599
3354706
3355094
3355205
3355967
3356260
3357578
3357813
3358728
3359674
3360724
3361976
3362490
3362813
3363536
3363823
3363995
3364216
3364855
3365327
3365371
3366014
3366793
3367627
3368362
3368698
3370544
3370935
3371291
3371724
3371775
3372635
3372760
3373258
3374807
3375105
3375548
3375600
3375807
3376755
3376985
3377492
3378498
3378852
3379595
3379735
3380275
3380698
3380778
3380923
3381844
3381989
3382488
3383902
3384133
3385696
3387026
3387177
3387981
3388108
3388155
3389532
3389650
3389771
3390246
3390682
3391683
3394049
3394919
3395018
3395510
3396373
3398054
3398079
3399319
3399658
3400810
3401144
3404215
3404612
3404660
3404705
3404958
3405358
3405360
3405679
3405841
3405983
3406070
3406226
3406660
3406911
3408289
3408366
3410629
3411999
3412241
3412563
3412646
3413481
3414982
3416098
3416150
3416528
3417364
3418010
3418919
3419851
3420162
3420540
3420888
3420964
3422451
3423168
3427434
3429068
3429384
3430773
3431026
3431396
3431969
3432114
3432220
3432675
3435247
3435480
3435722
3436102
3436539
3437781
3438672
3439335
3439920
3440573
3441066
3441393
3441636
3443058
3443709
3444006
3444421
3444797
3445933
3446724
3446853
3447818
3448343
3448515
3449323
3449940
3452331
3452366
3452790
3453859
3454812
3455846
3456260
3456441
3457582
3457589
3457653
3457727
3459913
3460463
3460764
3461487
3462169
3464381
3466260
3468036
3468188
3468206
3469793
3470517
3471631
3472946
3473713
3474659
3475420
3475952
3476487
3476589
3477070
3477238
3477454
3477950
3478629
3479401
3479510
3479567
3479951
3480962
3481516
3481581
3482842
3483442
3484212
3484704
3486802
3487466
3490196
3490509
3492478
3492753
3493004
3493487
3493496
3495012
3495593
3496009
3496482
3497580
3498047
3498953
3499234
3500313
3501188
3502234
3504524
3504859
3506337
3506765
3507968
3509096
3509924
3510233
3510833
3510841
3511226
3511321
3511921
3512398
3513238
3513306
3513847
3514197
3514396
3514594
3515059
3515723
3516320
3516996
3517095
3517218
3517832
3518402
3518471
3518739
3518821
3518916
3519065
3519215
3519879
3520268
3521500
3521550
3521609
3521776
3522068
3522920
3523494
3525048
3525220
3525514
3525720
3526976
3527305
3527625
3528032
3528194
3528963
3531245
3531631
3533016
3533516
3534108
3534532
3534648
3534738
3535896
3535991
3536340
3538400
3540066
3540579
3540796
3541274
3542054
3542831
3543438
3543622
3543938
3544196
3544240
3544660
3545277
3545520
3546234
3546363
3547292
3548427
3548433
3548442
3548875
3548933
3549300
3549560
3550633
3550986
3551436
3551672
3552083
3552417
3552483
3552510
3553605
3553954
3555001
3555547
3555604
3556242
3556764
3557098
3557300
3557541
3557699
3557920
3559056
3559188
3559876
3560393
3561696
3562049
3563765
3564126
3565740
3566812
3567006
3567551
3568114
3568636
3568712
3569471
3569651
3570343
3570363
3570393
3571478
3571849
3572357
3573189
3573603
3575460
3577191
3577496
3577615
3578987
3579115
3579448
3581448
3582186
3582323
3582528
3583423
3583741
3584531
3585704
3588085
3588821
3589536
3590517
3590607
3590721
3590741
3590758
3591289
3591308
3591381
3592701
3592829
3596098
3597372
3597402
3598449
3600233
3600546
3601011
3601069
3602464
3603885
3606472
3606701
3607395
3607483
3607487
3607780
3610403
3612044
3613025
3613165
3614297
3614383
3614433
3614516
3615518
3615619
3616093
3617191
3617243
3617296
3617538
3617833
3618171
3619237
3621518
3622128
3622783
3622869
3624027
3624151
3624475
3624596
3624656
3624720
3624782
3624895
3625158
3625340
3625698
3626144
3627546
3628340
3628451
3628740
3629620
3630083
3630279
3631095
3632351
3632357
3632756
3636078
3636158
3636409
3636422
3636742
3637290
3639298
3639768
3640031
3640610
3641056
3642117
3642380
3642747
3643324
3643894
3645665
3645840
3646507
3649210
3651380
3653129
3654096
3654156
3654299
3654576
3654944
3656021
3659069
3660356
3660640
3660690
3662098
3662110
3662158
3662175
3662661
3662794
3663818
3663953
3664038
3665745
3666008
3666037
3666317
3667505
3668631
3669469
3670248
3670468
3673155
3673872
3674496
3675007
3675067
3675485
3675816
3677762
3677798
3679682
3680011
3680038
3680163
3680340
3680565
3682503
3683969
3684189
3685298
3685424
3686762
3688055
3688326
3688439
3688749
3688812
3688823
3688892
3689430
3689744
3690109
3690138
3690562
3690580
3691308
3691783
3692859
3692982
3693475
3695097
3696047
3697677
3697846
3698574
3702501
3703126
3703937
3704027
3705535
3705890
3707164
3707493
3708050
3709100
3709363
3709375
3711079
3712385
3713474
3715582
3715799
3717319
3717606
3717744
3719447
3721092
3722025
3723137
3723251
3725094
3725701
3725920
3726265
3726713
3727122
3727675
3727861
3728647
3729231
3729553
3729780
3729813
3730280
3730446
3732206
3732802
3732950
3733065
3734072
3734429
3734476
3734918
3736143
3736501
3736645
3737075
3737211
3737263
3737509
3739246
3739408
3740302
3741496
3741591
3743327
3744437
3744577
3744908
3745417
3746799
3746837
3747150
3747832
3747980
3748349
3748538
3749987
3751191
3751269
3751927
3751993
3751995
3752123
3753363
3753567
3753796
3754383
3754652
3754712
3755497
3756255
3757181
3757424
3758976
3760677
3761252
3762327
3762381
3763476
3763695
3764524
3765316
3767045
3768024
3768071
3769268
3769291
3770174
3771432
3771743
3772050
3772696
3772855
3772935
3773246
3773528
3773641
3773694
3773952
3774093
3775421
3777240
3777718
3778139
3778222
3778703
3778961
3780333
3782703
3783026
3783562
3784048
3784137
3784282
3784515
3784665
3786127
3786948
3787349
3787474
3787893
3789241
3789690
3789963
3790381
3790630
3791187
3792630
3793087
3793542
3794929
3797235
3797395
3797828
3800047
3802463
3803064
3803108
3803452
3803780
3804337
3806841
3807976
3807984
3808042
3808101
3809279
3809369
3809497
3809709
3809976
3812787
3813485
3813672
3814350
3814930
3814931
3815592
3816471
3819232
3822203
3822426
3822631
3823039
3823749
3824352
3825524
3826050
3827471
3832445
3834248
3834783
3834992
3835618
3835788
3836144
3838309
3839759
3839924
3841291
3841328
3841855
3842031
3842671
3843489
3843625
3843964
3844617
3845117
3846047
3846240
3846708
3847012
3848953
3849161
3849581
3849856
3849890
3849921
3850605
3850999
3851630
3851693
3852472
3853242
3853724
3854182
3854414
3855097
3856158
3858029
3858999
3859766
3861252
3861471
3861734
3861999
3863627
3863763
3863846
3864029
3864058
3864117
3864202
3866272
3867440
3868109
3868261
3868579
3870746
3871868
3872989
3873207
3873491
3874083
3874340
3875519
3877057
3877335
3878231
3878328
3878519
3879678
3882075
3882191
3882943
3883258
3883407
3883688
3884861
3885492
3885905
3886900
3886920
3887377
3887659
3888509
3888510
3888951
3889594
3890032
3890821
3891200
3892974
3895750
3896088
3897826
3897873
3899315
3900847
3901243
3902290
3903519
3903587
3903934
3904212
3904910
3905139
3907170
3907217
3908316
3910097
3910747
3911193
3912580
3912876
3913759
3914847
3916585
3916901
3917392
3917534
3918018
3918573
3918736
3919037
3919602
3920336
3921032
3921128
3921952
3922312
3923059
3923442
3923596
3925955
3926338
3926394
3926418
3927330
3927494
3928670
3928820
3930392
3931543
3931614
3932011
3932174
3932441
3932751
3934802
3935053
3937926
3942754
3943229
3943588
3945924
3947578
3948661
3949268
3949297
3950074
3950466
3950681
3950807
3951553
3952826
3953337
3955218
3956583
3956909
3957013
3957452
3957720
3959938
3961050
3961847
3962937
3963648
3965477
3965498
3965507
3965842
3966981
3967340
3968343
3969147
3969160
3969759
3969822
3970176
3970781
3970984
3971752
3971843
3972141
3973415
3974795
3975855
3977224
3977962
3978279
3979788
3979814
3980731
3981747
3982257
3983486
3985057
3985205
3985770
3986278
3987935
3988992
3989101
3989234
3989742
3989832
3990183
3990484
3991441
3992096
3992106
3992111
3992168
3993243
3996584
3996779
3997060
3997901
3998810
3999504
4000251
4000998
4001429
4002140
4002841
4005371
4005804
4005819
4005856
4005938
4006602
4006901
4007996
4009042
4010048
4011136
4011176
4011341
4016243
4016369
4016550
4017509
4017957
4017984
4018376
4019483
4020187
4022470
4022810
4023081
4023417
4023763
4024805
4025556
4026781
4030086
4031053
4031949
4032153
4036598
4036618
4037244
4038146
4038402
4038944
4039309
4039534
4039550
4039735
4040663
4042698
4042740
4042940
4043134
4043469
4044250
4044847
4044979
4045283
4045476
4049187
4049848
4049870
4050077
4050889
4051033
4052025
4052147
4052547
4053450
4053622
4054079
4054449
4055917
4056124
4056188
4056887
4056971
4057511
4058476
4058845
4059545
4061098
4061547
4062279
4063356
4063841
4065017
4065049
4065556
4065904
4066329
4066407
4066525
4066923
4068084
4068535
4068538
4068998
4069087
4070765
4072286
4075597
4076884
4076891
4078470
4079133
4079229
4079521
4079853
4080934
4081375
4083847
4084576
4085752
4085776
4085886
4086570
4086994
4088348
4090145
4090752
4091458
4092570
4092611
4093268
4095258
4095461
4095521
4095558
4095637
4095746
4096987
4097515
4098053
4098169
4098867
4099282
4099623
4100737
4101043
4102136
4102455
4103623
4104234
4104302
4105191
4105812
4105822
4106237
4106401
4106899
4107138
4107323
4107981
4108427
4109809
4110695
4110750
4112449
4113254
4113347
4114125
4114416
4115013
4115756
4117457
4117679
4118138
4118342
4118587
4118689
4118700
4121070
4121213
4123055
4123118
4123979
4124213
4124708
4125129
4125741
4126103
4126304
4127575
4130347
4131007
4132201
4132232
4132421
4133798
4134606
4135081
4136045
4136313
4136451
4136557
4137732
4140186
4140881
4141751
4141851
4142326
4142672
4142721
4143099
4143807
4145445
4146521
4146543
4148049
4148745
4149014
4149582
4149911
4150283
4150673
4151091
4151870
4152049
4152760
4152955
4152991
4154099
4154429
4154821
4155430
4156635
4156752
4157759
4157984
4158763
4159100
4159641
4160455
4161457
4162426
4162652
4164677
4165354
4165446
4166172
4166338
4166605
4166692
4166915
4168018
4169092
4169136
4169300
4169382
4170581
4171146
4171200
4172135
4172776
4173179
4173377
4173743
4174674
4174910
4177245
4177277
4177653
4178144
4178322
4178420
4178583
4179176
4181152
4182081
4182241
4182348
4182721
4182832
4183384
4183914
4184887
4185165
4186479
4187261
4187646
4188542
4189345
4189367
4189879
4191460
4193128
4193647
4193853
4195331
4197117
4198912
4199037
4199275
4203042
4203671
4203882
4204863
4205042
4205305
4205505
4205755
4206267
4206486
4206578
4206737
4206909
4207623
4207797
4207810
4208432
4208650
4211260
4211556
4211757
4212166
4212215
4212615
4212736
4213980
4214045
4214180
4214245
4214287
4215384
4215998
4216052
4216583
4216689
4216860
4216908
4217114
4217272
4219115
4220055
4220372
4220545
4220574
4222879
4223123
4224975
4225668
4225815
4226291
4226542
4227041
4229882
4230022
4230444
4231170
4231175
4231258
4231780
4232057
4233116
4233815
4235834
4236744
4237224
4238792
4239080
4239173
4239425
4240234
4241422
4241684
4242145
4244052
4244314
4244736
4245149
4246436
4246482
4247247
4247877
4249317
4249634
4250086
4251127
4251135
4252923
4253164
4253229
4253245
4254418
4255309
4257309
4258559
4258951
4259159
4259775
4259866
4260334
4261547
4261634
4262159
4262716
4263138
4263630
4264935
4266737
4268103
4272070
4272149
4273033
4273051
4273804
4274731
4274989
4275456
4276380
4276957
4277143
4277294
4277592
4277876
4278811
4279750
4280950
4281222
4281620
4282443
4282509
4282606
4283240
4283392
4284093
4285064
4285963
4286029
4286039
4287210
4288679
4289236
4292789
4293074
4293678
4294663
4294672
4295350
4296321
4296541
4297407
4297413
4298320
4299334
4299344
4299748
4301385
4301659
4302982
4303091
4303329
4303995
4305041
4305811
4305928
4306896
4307008
4307210
4307643
4311107
4311986
4312441
4312633
4312804
4312968
4313731
4315402
4315710
4316026
4317385
4317705
4318290
4319882
4321689
4322340
4323036
4323372
4325698
4327053
4328740
4328965
4331739
4332312
4333953
4334261
4334558
4335247
4335356
4337479
4338334
4338577
4339225
4339770
4340957
4341584
4344283
4345337
4345479
4346418
4346634
4347696
4347745
4349769
4350010
4350998
4352910
4353250
4353864
4354716
4356090
4356609
4357324
4357677
4357849
4360217
4360417
4360692
4361026
4361924
4362419
4362916
4364757
4364779
4365252
4366301
4366409
4366497
4366555
4367055
4368107
4368271
4368902
4369816
4370111
4370163
4370593
4370626
4370831
4371934
4372522
4373006
4374019
4374511
4375662
4376505
4377209
4377809
4382862
4383696
4383715
4383929
4384020
4384485
4385557
4386004
4386663
4387098
4389038
4389252
4389808
4391129
4391276
4391464
4392320
4392903
4392946
4393185
4394894
4396385
4397065
4397947
4398688
4399163
4400361
4401868
4402391
4402493
4403801
4403812
4405523
4406739
4408764
4409181
4409208
4409629
4409794
4410074
4411286
4411927
4412884
4413741
4415837
4416030
4416760
4419455
4419647
4420602
4421692
4421934
4423697
4426334
4426396
4426770
4427532
4427857
4427904
4429389
4429734
4430001
4430447
4430609
4430613
4431334
4431837
4432164
4433130
4434092
4434153
4435021
4435165
4436573
4436859
4436864
4437396
4439891
4440209
4441640
4443171
4443238
4443636
4443931
4444317
4444422
4446739
4448424
4448859
4450982
4453242
4454043
4454211
4454576
4455424
4456519
4457228
4457431
4457563
4458312
4458407
4458556
4459263
4460508
4460623
4461432
4461671
4463083
4463343
4464082
4464357
4464852
4466385
4467234
4467341
4467591
4467710
4467834
4468629
4468806
4468866
4469596
4469822
4470944
4472523
4472947
4472969
4473342
4474300
4475638
4475882
4476506
4478213
4478401
4478685
4481979
4482485
4483533
4483651
4484021
4484337
4487147
4487485
4487660
4488100
4488306
4488451
4488471
4488680
4489379
4489921
4490829
4491638
4491872
4492084
4492558
4493284
4493336
4493657
4495256
4496136
4496185
4498555
4500478
4500895
4501276
4501521
4501830
4502517
4503091
4503454
4503517
4504150
4504257
4504954
4505276
4505402
4507779
4507987
4508567
4508822
4508951
4509634
4510151
4510197
4511248
4513441
4513524
4514031
4514452
4514876
4516456
4517028
4517330
4518512
4519469
4519531
4519872
4520012
4520317
4520789
4521112
4521568
4521627
4523985
4524654
4524681
4524997
4525120
4525155
4526564
4526720
4527284
4527819
4527962
4529152
4530391
4531128
4531361
4533400
4533619
4534304
4534443
4534528
4535374
4537185
4537599
4538892
4539431
4542443
4543648
4544110
4544128
4544956
4546064
4546075
4546174
4546736
4547162
4547717
4548191
4548665
4550094
4550262
4550335
4550400
4551152
4551591
4552844
4555907
4557159
4557161
4559523
4559851
4560334
4560453
4561514
4562798
4565015
4565320
4565526
4566931
4567417
4567980
4568427
4569300
4569566
4569671
4570297
4570717
4571046
4571293
4571332
4571423
4571899
4572397
4574105
4574313
4574536
4575174
4575886
4576222
4576541
4577554
4577807
4578813
4580162
4581759
4581921
4582090
4582370
4582985
4583973
4585112
4586788
4587177
4588707
4589235
4590040
4591292
4592141
4592665
4593365
4594181
4594803
4596534
4596744
4596942
4597107
4597839
4598790
4601454
4602549
4602670
4602862
4604162
4604364
4604910
4604992
4605475
4605724
4605831
4606802
4607480
4607758
4607975
4609224
4609390
4609852
4610542
4612148
4612549
4613770
4613791
4613814
4614235
4614537
4614707
4615278
4615564
4615709
4615844
4616193
4617347
4617795
4617941
4618372
4618896
4623304
4624479
4624689
4624745
4625308
4625353
4625452
4626392
4627666
4628062
4629128
4631255
4631270
4631634
4631965
4632058
4632560
4633005
4633206
4633313
4633923
4634537
4634588
4635157
4635337
4635501
4635569
4636323
4637192
4639254
4639432
4639944
4640673
4641152
4641296
4641437
4643738
4644127
4644849
4645947
4647486
4647817
4648350
4648558
4648773
4650016
4650173
4651053
4651596
4651826
4652287
4652765
4652874
4653437
4653875
4653890
4654204
4655204
4656146
4656207
4656328
4657279
4657767
4657880
4658615
4660299
4661543
4662686
4663067
4663184
4663579
4664271
4664396
4664481
4664982
4665203
4665522
4667017
4667637
4668050
4668056
4668317
4669880
4669925
4670116
4673683
4673877
4674730
4675352
4676007
4678240
4678755
4680218
4681589
4681969
4682007
4682706
4684013
4684015
4685411
4685414
4685572
4685656
4686478
4686597
4686601
4687133
4687735
4688819
4689371
4690151
4690543
4691519
4692863
4693793
4694503
4694655
4696030
4696546
4696699
4696720
4697688
4698783
4699499
4700014
4700972
4700975
4701710
4701746
4702237
4702261
4702889
4703308
4703421
4703723
4703881
4705198
4706003
4706196
4707807
4708181
4708374
4708915
4709234
4709486
4709600
4710716
4711248
4713159
4713665
4717728
4717819
4718014
4718192
4718775
4719923
4720263
4721838
4723467
4725275
4725837
4726120
4726480
4727133
4727691
4728598
4730581
4731077
4731351
4731559
4731593
4731982
4732332
4732349
4732458
4732911
4732961
4734954
4735302
4735702
4735794
4735816
4736401
4736990
4737232
4737469
4738392
4738899
4740312
4742228
4743670
4744144
4744221
4746349
4747693
4749119
4749199
4750807
4751000
4752012
4752102
4752349
4755731
4756020
4756065
4756204
4757595
4757610
4758957
4759896
4760681
4760722
4761482
4761682
4762438
4762907
4763322
4763719
4763831
4764138
4765187
4765274
4765481
4765543
4766287
4768036
4769652
4772260
4772419
4773103
4773137
4773369
4775476
4776228
4777453
4778219
4779566
4780518
4780894
4781065
4782215
4782733
4782949
4783162
4783893
4784441
4785795
4786238
4786905
4787178
4787287
4787738
4787905
4790124
4790667
4791243
4791357
4792765
4792862
4793202
4793808
4794834
4795259
4796115
4796359
4796475
4797649
4798506
4798847
4800084
4800677
4802633
4802746
4802773
4803357
4804204
4804766
4805423
4806928
4807237
4808374
4808499
4809167
4809743
4811306
4811882
4812010
4812247
4812356
4813517
4814545
4816217
4816494
4817381
4819403
4820739
4822986
4824657
4824930
4825177
4825430
4826396
4828305
4828400
4828690
4828798
4829085
4830106
4830632
4833779
4833883
4834363
4835721
4836469
4836546
4837218
4839404
4840439
4840786
4840993
4841365
4841829
4842839
4843099
4843793
4845998
4846278
4846627
4847057
4847312
4847605
4848824
4849214
4850988
4851382
4854003
4854545
4856436
4857407
4857848
4858396
4858848
4860189
4860416
4863409
4864684
4866060
4866538
4867504
4868162
4869390
4869454
4870663
4870828
4871737
4872086
4872800
4873390
4873434
4873775
4873946
4874566
4874758
4876120
4877386
4878481
4878775
4878794
4879003
4880022
4880428
4880807
4881069
4882862
4882915
4884175
4884594
4884702
4884921
4885992
4886928
4887514
4887594
4889251
4889292
4889368
4889875
4891139
4891514
4892579
4892597
4893329
4893469
4894680
4895279
4895314
4896258
4896477
4896524
4896978
4897731
4899094
4900373
4901046
4902522
4902864
4903535
4903554
4903579
4903837
4904918
4905461
4905648
4906165
4906814
4908720
4909225
4909292
4911027
4911179
4911850
4912108
4913330
4913802
4915077
4915090
4917821
4918643
4919486
4919876
4919923
4920556
4921312
4921385
4921741
4921754
4921764
4922073
4923291
4923387
4923438
4924019
4924079
4924700
4928264
4929737
4930222
4930589
4931662
4932184
4932328
4932619
4932960
4933553
4934278
4935635
4936985
4937188
4939215
4939708
4939790
4940114
4941196
4941442
4942477
4942600
4942653
4943650
4944863
4946817
4949148
4949223
4949529
4949883
4950523
4950928
4952404
4953417
4954284
4954593
4955298
4956026
4956121
4957295
4958058
4958783
4958800
4961120
4961871
4962167
4962173
4963540
4964333
4964780
4967523
4967772
4968307
4968362
4969022
4969043
4969166
4969432
4970151
4971156
4972031
4973192
4973558
4973601
4975061
4976087
4977700
4977790
4978485
4980239
4980241
4980255
4980424
4980537
4980590
4981575
4982002
4983116
4983683
4984924
4985233
4987345
4988620
4989059
4989065
4989644
4990668
4990838
4991992
4992571
4993631
4993816
4996102
4997434
4997948
4998061
4998534
4999312
5002132
5003072
5003572
5004022
5004504
5007328
5008065
5009544
5009732
5009864
5010242
5011507
5012417
5013497
5014268
5015651
5016549
5017487
5017539
5017934
5018424
5018909
5018946
5019342
5020535
5020729
5020815
5020879
5022137
5022841
5022990
5023449
5024991
5025896
5026596
5026959
5027699
5027936
5028109
5028878
5029703
5031923
5032619
5033444
5033508
5034071
5035059
5035761
5036131
5036144
5036573
5036701
5037706
5038819
5039847
5040668
5040791
5042369
5042531
5042706
5042913
5043112
5043820
5043831
5045260
5046460
5049315
5050781
5051398
5051897
5052074
5053164
5053371
5053376
5054059
5054223
5054367
5056082
5056737
5059284
5059843
5060235
5060961
5061141
5062136
5062187
5062711
5062838
5064430
5065331
5065849
5066427
5066481
5068896
5069951
5070655
5071604
5072054
5072087
5072925
5073015
5073883
5075005
5075082
5075772
5079086
5079683
5080490
5080945
5081820
5081899
5082024
5082142
5082597
5085568
5086130
5087643
5087785
5089233
5089281
5089833
5090649
5091752
5092086
5092858
5093248
5093597
5093833
5094968
5095502
5097164
5097351
5097693
5098919
5098936
5099343
5100013
5100110
5100174
5100992
5101015
5101135
5101309
5102003
5102010
5102679
5103884
5103908
5104057
5104987
5105480
5106062
5107409
5108925
5109087
5111056
5111107
5112258
5112393
5112554
5113448
5113988
5115640
5116627
5117494
5117782
5118697
5118889
5119957
5119997
5120342
5121329
5121482
5121750
5122383
5122672
5122750
5123865
5126013
5126274
5126580
5126633
5126813
5126890
5127335
5130979
5130990
5131493
5134838
5135153
5135487
5135881
5135917
5136383
5137099
5137657
5137842
5137930
5138220
5138826
5138920
5138969
5139823
5140094
5140526
5140910
5141981
5142351
5143740
5144737
5144743
5145583
5146965
5147395
5149043
5149045
5149278
5151410
5152006
5152098
5152866
5154107
5157498
5158084
5158780
5159131
5159144
5159432
5160995
5161991
5163642
5163800
5164056
5166020
5166708
5166840
5167071
5168287
5168767
5168908
5169160
5169295
5169790
5171177
5171444
5172598
5173327
5173350
5173951
5174032
5174044
5174891
5175207
5175662
5175886
5178031
5178162
5178214
5178262
5178546
5178882
5179136
5179437
5179446
5181091
5181813
5182346
5183225
5183380
5185522
5185766
5185832
5186534
5186997
5189339
5189399
5190022
5191283
5192075
5192129
5192724
5192809
5192898
5193114
5193366
5193637
5193815
5193893
5194758
5196202
5199259
5199273
5199687
5199793
5200820
5201345
5202253
5202519
5204028
5204227
5205928
5206296
5207515
5208159
5208210
5209188
5210406
5210462
5210488
5211642
5212169
5212286
5212305
5212473
5213372
5213471
5214508
5215084
5215428
5216767
5216910
5217710
5218253
5218325
5219243
5219327
5219703
5221387
5222661
5223421
5225554
5226280
5226321
5226729
5227844
5228299
5228965
5229136
5231420
5232560
5233185
5234336
5234929
5234937
5235407
5235865
5236436
5237582
5237933
5238955
5239163
5239386
5239870
5240621
5242016
5242287
5243890
5244774
5245328
5245788
5246872
5247304
5247401
5248463
5250679
5250931
5251679
5251746
5252197
5252279
5252498
5252512
5252516
5252635
5253891
5254352
5255087
5255509
5255556
5256834
5256997
5257456
5257546
5257547
5258971
5260263
5260773
5264626
5265555
5266069
5266326
5267947
5268137
5268848
5269844
5270233
5270560
5270969
5271000
5271191
5271690
5272010
5273328
5273406
5273868
5275686
5276598
5277921
5278947
5279166
5279430
5279787
5280239
5281210
5281726
5282493
5282601
5283577
5283627
5284591
5284822
5286030
5287709
5288047
5288134
5289255
5289352
5290326
5290568
5290929
5291153
5291694
5292131
5292390
5294188
5294237
5296103
5298065
5298988
5299287
5299299
5300350
5300558
5300790
5300793
5301345
5301929
5302300
5302535
5303042
5303682
5304542
5304615
5305904
5306208
5306785
5309392
5309621
5310484
5311658
5311666
5312182
5312559
5314751
5314934
5316390
5317254
5318892
5319049
5320309
5321043
5321301
5322918
5322937
5324817
5325397
5326118
5326619
5327144
5327145
5327964
5330754
5331080
5331879
5332065
5332124
5335740
5336244
5336296
5336686
5337163
5337213
5337427
5337498
5337891
5341105
5341348
5341393
5341824
5343971
5346219
5347677
5348471
5350439
5351243
5352054
5353718
5356923
5357026
5358009
5359227
5360197
5361088
5363016
5363298
5363465
5363528
5364188
5364351
5366612
5366866
5367105
5367443
5367758
5368312
5371235
5371325
5371508
5371550
5371749
5372258
5373279
5374788
5375649
5376308
5380947
5382660
5382846
5382891
5383621
5383900
5386077
5386337
5390559
5391363
5391428
5392068
5392241
5393424
5393949
5394373
5395614
5396040
5397714
5397775
5397856
5398013
5399823
5399839
5400056
5400194
5401632
5402601
5402776
5403928
5404126
5406136
5408717
5409380
5409483
5410063
5410598
5410940
5411033
5412409
5413034
5413326
5413628
5413853
5413995
5414238
5414924
5415976
5417882
5418455
5418955
5419309
5422200
5425425
5426270
5426666
5428577
5429668
5430973
5430979
5435245
5435272
5436424
5438873
5439373
5439811
5439829
5440024
5440652
5440972
5442207
5442943
5442964
5443683
5443768
5444121
5444195
5445525
5445996
5446417
5448569
5450190
5450407
5451963
5455534
5456891
5459079
5459272
5461371
5461701
5462815
5463930
5464663
5464762
5465141
5465244
5465390
5465751
5465874
5466132
5467173
5467182
5467894
5468537
5469204
5470050
5471843
5471881
5472343
5473517
5474650
5475429
5476902
5477198
5477223
5477806
5479428
5480711
5482698
5482746
5485674
5485729
5485823
5486154
5486860
5487384
5488016
5488449
5489422
5489900
5490773
5492122
5492199
5492477
5493841
5496707
5498054
5501587
5502309
5505271
5505438
5506074
5506850
5507587
5508626
5508657
5508918
5510106
5510183
5510263
5510960
5511204
5511212
5511436
5512493
5516572
5516838
5516852
5517343
5517824
5518376
5518492
5519444
5520671
5521659
5521934
5522701
5522826
5523453
5525727
5525868
5526568
5527079
5529551
5531373
5531808
5532914
5533291
5535527
5535831
5536076
5537842
5538031
5538425
5540089
5540202
5542874
5543277
5543522
5543924
5543951
5544148
5545660
5546909
5546920
5547021
5547138
5549181
5550456
5550536
5550873
5551834
5554359
5555648
5556145
5556579
5558691
5558911
5559627
5560223
5561714
5562894
5563358
5566019
5566545
5567245
5567559
5567818
5568715
5569991
5570066
5572224
5572397
5573922
5574592
5576380
5576613
5577877
5578274
5578478
5579305
5579345
5581298
5581918
5582025
5583745
5584655
5585077
5589969
5591646
5593857
5594659
5594816
5595421
5596606
5596925
5599020
5600851
5601326
5602538
5605021
5605586
5607464
5607691
5609209
5609738
5609824
5609839
5609852
5610140
5614372
5615069
5615115
5615553
5615936
5616100
5616574
5617574
5619267
5620581
5621001
5621118
5621664
5623738
5623956
5624787
5624870
5625375
5626943
5627397
5631095
5631754
5632116
5632472
5633782
5634358
5634455
5634975
5635185
5635932
5636231
5637211
5637359
5637853
5637894
5638333
5638662
5638728
5640415
5641253
5642383
5642507
5642901
5643546
5644889
5646437
5646956
5648036
5649019
5649603
5651014
5651128
5653096
5654283
5656225
5656231
5656506
5656591
5658891
5659782
5660722
5660795
5662004
5662082
5662253
5662680
5665307
5665471
5665988
5666261
5667259
5668669
5669043
5669535
5670433
5670864
5673146
5673862
5674168
5675607
5675617
5675707
5675907
5677028
5677701
5681104
5681730
5683216
5683665
5683729
5684121
5685287
5685640
5685847
5686369
5689129
5689320
5689872
5690127
5690934
5690975
5692256
5692329
5693740
5694496
5694834
5696473
5698007
5698235
5699414
5699954
5701210
5702191
5703342
5703380
5703834
5703942
5704502
5704871
5706542
5707545
5707699
5707776
5708030
5708179
5709003
5711221
5711413
5712339
5712876
5713344
5714865
5715196
5715703
5716163
5718527
5718760
5719643
5720786
5722028
5722404
5722924
5724026
5724150
5724333
5725459
5726083
5726474
5726534
5726830
5727145
5727192
5727276
5727860
5730012
5730018
5730140
5730713
5732669
5734126
5734135
5734812
5734975
5737408
5737503
5737754
5737935
5739823
5739932
5740393
5741059
5741166
5741286
5741296
5742034
5742132
5742585
5743841
5744765
5745138
5745520
5747593
5747651
5748500
5752061
5752204
5752711
5752920
5753069
5753534
5756173
5756346
5756664
5756925
5757281
5757358
5757404
5758734
5759424
5760795
5761118
5761334
5761853
5763179
5763249
5764080
5766320
5767763
5768116
5769527
5769881
5770208
5770631
5773119
5775116
5775420
5775615
5776931
5778553
5779097
5780362
5780512
5781585
5783035
5783349
5784170
5784212
5784407
5784697
5787238
5787503
5789146
5791374
5791831
5792983
5794681
5795162
5795905
5795989
5796520
5796892
5797041
5797135
5798166
5801035
5801666
5802341
5802487
5803677
5804714
5804904
5806351
5806676
5806680
5806720
5806825
5807037
5807706
5808285
5808906
5810926
5811333
5812521
5813792
5814219
5814644
5814909
5815938
5816303
5816714
5817023
5817596
5818003
5818063
5819111
5824501
5825030
5825694
5826990
5831609
5832013
5833068
5833270
5833885
5835149
5835370
5835461
5837103
5839503
5840307
5841826
5842024
5842348
5843202
5843481
5844400
5845376
5845427
5846940
5847309
5847787
5849851
5850785
5851053
5852004
5853195
5854544
5855476
5855733
5856687
5856737
5857043
5857489
5857492
5857798
5857873
5857891
5858152
5859985
5862581
5864064
5864457
5864822
5865251
5866403
5869360
5869450
5869530
5869941
5870310
5870717
5872341
5873549
5874330
5875184
5875692
5877974
5878374
5878876
5879129
5881175
5881320
5881934
5882778
5884287
5884365
5884590
5885037
5885810
5886054
5886334
5887148
5887639
5888904
5888962
5889430
5889742
5891067
5892051
5894236
5894579
5894983
5895272
5895611
5895686
5895744
5898512
5899994
5900694
5901129
5901299
5901984
5902353
5903731
5904122
5904198
5904511
5904767
5905869
5906397
5906411
5908733
5909430
5910842
5912193
5912525
5913801
5914070
5914312
5914498
5915427
5915753
5916033
5917442
5918746
5919154
5920235
5920912
5921663
5922567
5923118
5926891
5927191
5930196
5930376
5930677
5932128
5932284
5935117
5935733
5937012
5938375
5940120
5940391
5940594
5941233
5942331
5943277
5944492
5945668
5945962
5947465
5947581
5948837
5949047
5950245
5951252
5951365
5952077
5953250
5954823
5955173
5956031
5956446
5957651
5958059
5958850
5960599
5961249
5961367
5961730
5962467
5963368
5963442
5965203
5965445
5967490
5968172
5968448
5968795
5968952
5970525
5970836
5971835
5972766
5974708
5975795
5977052
5977376
5979010
5979089
5980957
5982605
5983154
5984258
5984260
5987026
5988102
5988164
5989619
5989699
5989913
5989955
5990469
5990666
5990985
5991916
5992014
5993674
5994528
5994590
5994638
5994823
5995315
5997822
5999172
5999429
6002400
6002953
6003801
6004928
6005424
6006602
6007781
6009503
6009765
6012058
6012102
6012403
6012546
6012806
6014034
6014532
6014988
6015441
6016515
6016873
6016940
6018508
6018706
6019635
6020959
6021621
6022872
6022942
6024800
6025157
6025209
6027352
6029179
6032507
6032653
6033079
6033161
6034812
6035314
6037847
6037871
6039118
6039498
6039567
6040410
6040873
6041213
6041647
6041743
6041923
6041990
6042286
6042767
6043257
6043694
6043795
6044664
6044961
6045161
6048263
6048381
6048562
6049521
6049804
6050370
6054982
6055187
6055483
6058210
6058869
6059258
6061198
6061777
6061790
6062108
6062916
6063371
6064099
6065384
6065436
6065879
6066217
6066285
6066873
6067718
6070135
6070244
6070573
6070919
6071219
6071760
6071854
6072256
6072489
6072619
6074429
6074805
6075084
6075685
6076464
6077220
6078842
6079195
6079542
6080787
6081439
6083713
6084093
6084589
6084829
6085004
6086426
6086477
6087631
6087681
6088621
6089070
6091358
6092411
6093343
6094425
6096830
6097145
6098434
6098684
6099897
6100034
6100357
6100693
6101052
6101385
6101936
6102886
6102977
6103281
6103415
6103572
6104593
6105851
6105860
6105886
6106015
6106573
6107008
6108039
6108820
6111862
6112765
6113172
6116296
6116342
6117795
6118009
6118131
6118486
6119322
6120438
6120995
6121142
6122838
6123986
6124093
6124604
6125006
6126778
6126929
6127413
